0.010727,0.0020656,0.0036386,0,0,0.013758,0.00094747,-0.0071413,0.0084914,0.0089041,0,0.013484,0.00067254,0.02018,0.014614,0.012409
0,0,0,0,0,0,0,0,0,0,0,0,0,0,0,0
0.30702,0.23476,0.23941,0.16055,0.23657,0.23688,0.2714,0.20418,0.19664,0.2442,0.25681,0.19287,0.2061,0.2667,0.31544,0.2357
0,0,0,0,0,0,0,0,0,0,0,0,0,0,0,0
-0.0018105,-0.0075823,-1.6879e-05,-0.0092284,-0.0042497,0.0069603,-0.00072052,-0.0076007,0,0,-0.021932,-0.0023228,-0.00032369,-0.0079769,-0.017772,-0.013571
0,0,0,0,0,0,0,0,0,0,0,0,0,0,0,0
0,0,0,0,0,0,0,0,0,0,0,0,0,0,0,0
-0.0012975,6.3299e-06,-0.00018234,0.0012385,0.00032435,-0.0020004,-0.0017868,-0.0016453,0,0,-0.0022592,7.1522e-06,0.00086861,0.00011865,0,-0.003989
-1.5911e-05,0,-0.00025417,0.0013327,0.00011969,0.0017544,-0.00016495,0.0045328,0,0,-0.00014749,0.0018851,0,0.0027067,0,0.0018163
-0.001532,0.00018605,0,-0.008707,-0.0047644,-0.0099671,-0.0078192,8.867e-05,-0.012539,0,0,-0.00011816,0,-0.0022958,-0.0018782,0.0024655
0,0,0,0,0,0,0,0,0,0,0,0,0,0,0,0
0.034544,0.010847,0.028343,0,0.0065871,0.036055,0.035661,0.035185,-0.006605,-0.0011205,-0.026969,-3.8674e-06,0,0,-0.0028768,0
0,0,0,0,0,0,0,0,0,0,0,0,0,0,0,0
-0.014885,-0.010728,-0.0063305,-1.9575e-06,-0.00020587,-0.0048273,-0.0093544,-0.0029294,-0.0064543,-0.00052279,-0.0015646,-0.00018221,-0.013279,0,-0.0010097,-0.0074038
0,0,0,0,0,0,0,0,0,0,0,0,0,0,0,0
0,0,0,0,0,0,0,0,0,0,0,0,0,0,0,0
0,-0.007903,0,0.007767,-0.065017,0.073066,0,-0.20765,-0.27791,-0.26936,-0.25912,-0.23146,-0.24102,-0.24072,-0.2297,-0.21913
-0.024393,1.5919e-05,-0.0093904,-0.017825,-0.013333,-0.030821,-0.015595,-0.038851,-0.019969,-0.028773,-0.035188,-0.017887,-0.018032,-0.022153,-0.0092573,-0.023136
0,-0.0027401,-0.0010599,-0.0023511,0.0010464,0.00068464,-6.2328e-06,-0.0056295,0,-0.00025784,-0.0040389,0,0,-0.0012406,-0.00086796,0
0,0,0,0,0,0,0,0,0,0,0,0,0,0,0,0
0.0021317,0,0.00627,0.0047563,0.0082968,0.0014899,0.0080356,0,0.00052791,0,0.002878,-0.00065027,0,0,0,5.229e-06
-0.0044973,-0.015003,-0.010785,1.1872e-05,0.00092819,-0.015856,-0.020124,-0.0048718,0,0,-0.0012233,0,0.0012457,-0.001643,0,-0.0097461
0,0,0,0,0,0,0,0,0,0,0,0,0,0,0,0
0,0,0,0,0,0,0,0,0,0,0,0,0,0,0,0
0,0,0,0,0,0,0,0,0,0,0,0,0,0,0,0
0,-0.013513,-0.00098417,0,-0.0071353,0,-0.00058268,-0.0036938,0,-0.0046162,-0.0038497,-0.001244,-0.0073526,0,0,-0.0070709
0.018995,-0.0031064,-0.027063,0,0.0044402,0,0,0.19018,0.16962,0.16391,0.228,0.17902,0.20433,0.19885,0.14724,0.16162
0.0019448,0.0027765,0.0021948,0,0.00065352,0,0.0027783,-0.00041054,0.00039662,0.0028193,0.00088912,0,0.0050383,0.0026993,0,0.0051809
0,0,0,0,0,0,0,0,0,0,0,0,0,0,0,0
-0.0049244,-0.0047809,-0.011159,-0.020537,-0.015057,-0.015423,-0.028793,-0.0042043,-0.0085243,-0.015449,-0.0025065,-0.0082241,-0.0048286,-0.017549,-0.023287,-0.0075803
0.00018919,-0.0022694,0,0.0012912,0,5.298e-05,0.0016777,-0.00024017,-0.00063128,0,0,0.0010255,0,0.0011929,0.0013534,0
-0.41257,-0.41691,-0.39024,-0.43409,-0.38467,-0.40495,-0.38822,-0.37178,-0.38866,-0.34424,-0.34432,-0.39087,-0.37115,-0.36511,-0.36533,-0.42417
-0.018185,-0.023687,0.002338,-0.0018383,-0.034904,-0.028557,-0.014371,-0.02009,-0.021815,-0.00122,0,-0.0045462,-0.048978,-0.045308,-0.026909,-0.033102
0,0,0,0,0,0,0,0,0,0,0,0,0,0,0,0
0.0059102,-0.0085489,0,0.0024573,0,0.001571,0,-0.00021568,0.0041636,0.0038834,0.0046434,0.0040968,0,0,0.00094721,0.0089688
0,0,0,0,0,0,0,0,0,0,0,0,0,0,0,0
0.035417,0.040248,0.064241,0.064678,0.10081,0.072508,0.070732,0.03661,0,0.0058332,0,0.0042228,-0.016344,0,-0.0017226,0.019974
0.0032038,0,0.00015674,0.013693,0.00027397,0.011154,0.0073917,0.0027372,0.0033268,0.0028058,0.0036813,0.0070671,-0.0018592,0.0063799,0.0056553,0.017636
0,0,0,0,0,0,0,0,0,0,0,0,0,0,0,0
0.00059683,0,0.0027832,-0.0063264,0,-4.7614e-05,0.00015852,-0.00054729,0,-0.00086568,0,-0.00010575,0,0,-0.00070386,0.0016714
0,0,0,0,0,0,0,0,0,0,0,0,0,0,0,0
0,0,0,0,0,0,0,0,0,0,0,0,0,0,0,0
0,-0.0018055,-0.0068362,0,-0.0017615,0.00089446,-0.0087954,-0.014044,-0.0090064,0,-0.0076414,0,0.011087,-0.022402,0.012122,0
-0.0011797,0.00027424,0.0050809,0.0035495,0,0.0025617,0.0015089,-0.001232,0.0022931,0.002062,0.0041905,0,-0.0014997,0.0015327,0,0.0026071
-0.00088142,0.0023624,0.0012058,0.0014578,-0.0021885,0.00085088,0,-0.0046487,-0.0070449,0,0,-0.0093336,-0.0038076,-0.0017249,-0.004611,-0.0044556
0.00061351,-0.0010827,0.00026887,0.00081194,0,0,0.00014963,0.00024233,0,0.00047032,0.00025372,0,0.00070613,4.8856e-06,0,0.00061253
-0.016871,0,-0.0064002,-0.0046043,-0.0005337,0,-0.019289,0.00059727,-0.025925,-0.0080633,-0.0073736,-0.0020607,0,-0.0026272,-0.0021696,-0.0087979
0,0,0,0,0,0,0,0,0,0,0,0,0,0,0,0
0,0,0,0,0,0,0,0,0,0,0,0,0,0,0,0
0.23955,0.21003,0.23607,0.17085,0.17986,0.25005,0.20709,0.15039,0.10496,0.19238,0.17774,0.21547,0.16367,0.17855,0.18056,0.14879
0,0,0,0,0,0,0,0,0,0,0,0,0,0,0,0
